	AT3G55580	AT2G25620	AT2G21320	AT3G06145	AT5G15950	AT3G47420	AT5G14760	AT3G04140	AT3G47640	AT2G15020	AT3G17609	AT1G76240	AT3G03450	AT1G78170	AT3G48240	AT5G54130	AT1G01520	AT2G25780	AT3G09450	AT3G17790	AT2G44940	AT5G20150	AT4G12320	AT5G05250	AT1G11700	AT2G21560	AT1G26790	AT3G44450	AT3G48290	AT1G46264	AT1G04570	AT2G40130	AT2G30766	AT4G15248	AT1G62870	AT4G14380	AT3G21890	AT1G56430	AT2G36970	AT4G14390	AT3G21150	AT4G27360	AT5G20790	AT5G54470	AT3G11550	AT5G43860	AT3G02040	AT1G06980	AT5G16530
AT3G55580	0	4.17142658459968	1.78153996860594	3.76890510656013	2.08037391670131	3.32572290947646	3.22559613154181	3.12877071596667	4.08674767464341	3.05508003379995	2.9872818425184	3.62349842123776	3.8137337319603	3.45710340371595	3.21563756343506	3.25572104436255	2.49376466756715	4.21632559824738	2.39703573537909	4.19885357449592	3.72606181343941	3.95357656346417	3.57659586203521	3.91761840094107	4.05898371944853	3.95209565755055	2.15860369981148	3.29335371402132	3.71713187692689	4.22683361388255	3.58525312097298	3.44666296377791	3.42486694220828	2.57331263995485	4.05218087144385	4.29273486074099	2.90152915411712	3.57027317325128	3.7864483037353	4.33994111292705	3.36004783644955	2.58194965837332	3.58473479495047	1.55654370848351	4.28681561343659	3.21869564475365	4.18367916906396	3.45646320703601	3.85032636887149
AT2G25620	4.17142658459968	0	3.7637176761787	4.18666595575202	3.24004227559544	3.19058379597718	2.34044411484012	3.94400517933871	3.54357639297835	4.02818273511293	2.87470789348984	4.18531970965836	3.05541273714536	4.26620464066543	3.31276744348631	3.29608794089866	3.49226157170859	4.34232613827349	3.5423946520964	3.11329811295281	3.7079685224092	3.77560316723315	4.22099278080337	3.81636924882927	3.61012015273861	4.11244278101833	3.62584829898387	3.69264073462352	4.29157795419493	3.91246385455606	3.14188541716079	3.99013364879889	3.7558078015236	3.79875282036208	3.04938472873064	4.14532819775478	3.35120280365217	3.84334554294227	3.84292361490634	3.84420744421071	3.62080416684057	3.89785297561558	3.19320254165138	3.8032610926174	4.2584322971578	3.61508375393574	4.12856306766267	4.30683703649697	3.85475528896725
AT2G21320	1.78153996860594	3.7637176761787	0	2.98638203762434	1.11826472608948	2.44631965471813	2.19556758065973	1.84441504047382	3.76410810503546	1.53160663193272	1.8751770598147	3.96046173954852	3.04472002573854	3.58841738120192	2.37117873181629	1.86829168801786	0.903089986991944	4.2492800704679	1.29092455938275	3.48770668875299	3.28638460535565	3.5740660098966	3.11001026460702	3.53256202418127	2.69978571143735	3.5547810144128	1.67375793654958	1.90622726305236	3.4183858213317	4.08121008364146	2.54306179801462	3.00736792422032	2.59487851139464	1.63276088847944	3.73129698889755	4.11785438365998	0.783188691075258	2.82505593335492	2.93796900295145	4.1225382836814	2.28593967981179	1.33665982345442	3.06187827095478	1.83588073181739	4.29759332477498	1.77561044800636	4.30723088759774	3.69722149399334	2.53586352071245
AT3G06145	3.76890510656013	4.18666595575202	2.98638203762434	0	3.70873864323749	3.97893428355464	3.7623288871918	2.47202469770028	4.15078743786546	2.8931623216841	3.62791656961342	3.42593833059448	3.47739043386153	3.67098575021392	4.03603252867917	3.11946374646168	3.64060167120034	3.99757247073105	3.33975544040261	4.28661138688725	3.29419939480494	4.22422970155845	2.39429404535284	3.04331118154694	2.80443249925045	3.94613035514412	2.96789415062521	2.19226071864204	3.38422434335965	3.82196461969283	4.23637374049992	3.34045997918897	3.18271701243364	3.27660424778365	3.73034291558414	3.5542940773904	3.12306070113709	2.21058602490516	3.40033590479056	4.04231162693387	3.70844979547947	2.89363972091979	3.56233569686847	4.0775303264846	4.18378812463402	3.58281533703583	4.30317358588086	3.24271034295538	2.68276763035035
AT5G15950	2.08037391670131	3.24004227559544	1.11826472608948	3.70873864323749	0	1.85907822474697	1.11925588927794	2.34562854645631	3.53949638279631	2.03374533601397	1.7048366062114	3.95969472860358	2.47190750293956	3.61806693317269	2.1634893581927	1.70320537069549	1.45969397647797	4.29015040778552	1.05384642685225	2.74493416988533	3.61231117192276	3.73459103012238	3.29534494825468	3.81836975458215	2.75430245711014	3.53406673989616	1.87500335360004	2.67905522475807	3.67044810553833	4.14863257321072	2.55976303287679	3.49566780947823	2.64648214703981	1.69390274106606	3.737588576916	4.15829462828045	1.27160930137883	3.12814068312999	2.98425269842116	4.08218843345935	1.84522210642901	1.60075514963962	2.43892189391134	1.74616696437729	4.33094049249075	2.79572016756057	4.24290227941976	3.88030986152441	3.19508008233812
AT3G47420	3.32572290947646	3.19058379597718	2.44631965471813	3.97893428355464	1.85907822474697	0	1.81782969974561	2.69361264586156	3.52226682775872	2.03889821211453	2.30087796598857	3.84476909250354	2.85643886122286	4.12189290533051	2.14587979647062	2.20436420462101	2.31557153461445	4.13877873977276	1.90676588954073	0.800717078282385	3.75942910594101	0.746634198937579	3.78335751080885	3.57547073720831	2.33497619865434	3.70227454156535	2.74235586331777	3.09386975791996	3.71693190747465	4.27075357959388	2.93943438218627	3.75248252529876	3.22059182142632	2.27332542427512	4.10270839752772	4.26439158046244	1.62510657540347	3.87176143914336	2.7010755631445	3.98112698962777	2.10598679552147	2.81539841541643	0.385606273598312	2.31380396899415	4.30691994838088	2.6662839226231	2.21940113035756	4.23554814121076	3.30772275318522
AT5G14760	3.22559613154181	2.34044411484012	2.19556758065973	3.7623288871918	1.11925588927794	1.81782969974561	0	2.95349391302172	4.05233412476081	2.81438079446994	0.81424759573192	4.25088649625401	3.28884814773484	4.14149241682995	3.07156537220098	1.36153897126928	2.26420371203923	4.1978115891875	1.80078579032776	3.24185515823422	3.89070933485671	3.68245014910487	4.02829953033426	4.1588414597771	3.64190521632516	4.22905771955507	2.01865889758552	3.36229393796423	4.16401302128503	4.21107780415096	2.92814995559152	3.87063854819759	3.22851071502784	2.76003023493268	3.45377991486423	4.2511364848374	2.25244037654914	3.35265708736097	2.4428715548212	3.73200030386712	1.7906369619317	2.46357946745697	2.68475562210862	3.00543363412502	4.33102642682318	3.08430453548236	4.08074983212262	4.28356127513189	3.48226457308622
AT3G04140	3.12877071596667	3.94400517933871	1.84441504047382	2.47202469770028	2.34562854645631	2.69361264586156	2.95349391302172	0	3.77702641991506	1.3151303171836	2.68358731757277	3.12655996815386	2.82018831875789	3.18644493369579	3.20556702707487	2.86479577099445	2.40112471067897	4.21373843407942	2.00667992774083	3.73721093677562	2.20838760379515	3.68326863406578	2.14640713528705	3.35218830866585	1.86415495600203	3.50277932925323	2.53485073615341	1.69381485388942	3.06424453345574	4.00953417716576	3.40651633616079	2.65833580321008	2.74928787986045	2.12326347590283	3.58484777272776	3.58655354990288	1.75227898546012	2.56228096581452	3.05860441299552	4.17448603902712	2.86970683614081	2.04091865074852	2.76743046123356	2.60740140330202	4.23162554143114	2.99929587244188	4.26696533079841	2.27857070161052	2.24998060590953
AT3G47640	4.08674767464341	3.54357639297835	3.76410810503546	4.15078743786546	3.53949638279631	3.52226682775872	4.05233412476081	3.77702641991506	0	3.43447948125879	3.73408661742243	4.28127136815896	4.18921707421919	3.90753281724608	3.24991954345679	3.21012313702164	2.52907086030361	4.19522195648105	3.88844852707491	3.21645885323154	4.26630015266722	3.27961904128003	3.57803490267556	0.750508394851346	3.04927618321513	2.9269954554353	3.75703979162336	4.0584719570212	4.03119550675316	4.2342051170967	2.93473573339504	3.64604182680199	1.50351831272407	3.57832512098808	4.24137387400933	3.9823761748594	3.35271492619892	2.62925665158154	3.64118547649695	4.25009245005614	3.216424553876	3.46036403891341	3.48866209593152	3.72879677990769	4.07873188077156	3.54489613640474	3.57949435162346	3.67812214362306	3.91410928397498
AT2G15020	3.05508003379995	4.02818273511293	1.53160663193272	2.8931623216841	2.03374533601397	2.03889821211453	2.81438079446994	1.3151303171836	3.43447948125879	0	2.20612396399185	3.31972841437083	3.37350231570299	3.69482623804645	2.62589866144102	2.5501304728469	1.5736836930938	3.90799468643352	1.28352736486169	3.84535853856165	3.36656116229412	3.58116656314089	2.46938013584993	2.70734871461218	2.32209519286655	3.63833148455713	2.27348740969718	1.31680875205302	3.08769980251797	4.23719073044752	3.4049362937527	3.17111772250802	2.21465843887992	1.00560944536028	3.97227320875566	3.93050075869637	1.38435341413751	2.93552741823333	2.57600714897198	4.08234654715695	1.27829620809127	1.02938377768521	2.56829561542654	2.14238946611884	4.28771799704632	2.5370379216961	4.26462706919891	3.65960533545714	2.780828369673
AT3G17609	2.9872818425184	2.87470789348984	1.8751770598147	3.62791656961342	1.7048366062114	2.30087796598857	0.81424759573192	2.68358731757277	3.73408661742243	2.20612396399185	0	3.7523012642801	3.69880841673159	4.17663118562643	2.95726718801592	1.90891374002097	1.96132615593471	4.08800560349253	2.03981055414835	3.43234063152435	3.73088074763707	3.89082996849031	3.84254558834124	3.72736229734141	3.54151684083103	4.05002188632973	1.71028664770289	2.43229569244401	4.11958148805508	4.19784381044408	3.14520573230929	4.11152462471391	2.98279117027908	1.63818964019084	4.00424310772509	4.1127406973588	1.60884682232641	3.53353438930279	3.14301480025409	3.84906114203802	1.17084820364331	2.06005536482484	2.69536783438797	2.00393420617371	4.30753903735631	2.5819041682212	4.2579760007115	4.28772292295699	3.63218995177499
AT1G76240	3.62349842123776	4.18531970965836	3.96046173954852	3.42593833059448	3.95969472860358	3.84476909250354	4.25088649625401	3.12655996815386	4.28127136815896	3.31972841437083	3.7523012642801	0	3.28553030540256	3.9692793583954	3.89473298462178	3.26016921253689	3.7634931328499	4.28054354347079	3.19707094322637	4.33250511395346	1.72106830179716	4.27140430504735	3.78518172245861	4.01729091645324	4.04111780822489	3.88565008810787	3.55054997885838	2.92319219042067	3.43300614825164	3.92308281260049	4.20864206375266	4.18291143848536	4.20892348884033	2.90943299736904	3.78116203192785	2.75479921732592	3.14549785168559	3.84718013622794	4.30585825208575	3.45857439963188	4.03925147617936	3.76323326618062	3.97932661850397	2.82044449125814	3.4721198951624	4.07017238465915	4.32490792388668	3.35197014444686	3.88517117462021
AT3G03450	3.8137337319603	3.05541273714536	3.04472002573854	3.47739043386153	2.47190750293956	2.85643886122286	3.28884814773484	2.82018831875789	4.18921707421919	3.37350231570299	3.69880841673159	3.28553030540256	0	3.7195964240383	2.54358384639574	3.05065038086391	3.138429020006	4.34149387739903	3.284901997785	3.61126328570153	1.93459943821807	4.18813084242824	3.87539293769242	3.86741386067053	3.02992326644706	3.80920472743553	3.01830929109138	3.30206888737132	3.37043166331552	3.34973975159225	3.27259342286287	3.46762586172417	3.60565191210931	2.92311443650731	2.42908983921257	3.60096201097687	2.35663764737269	3.4467763049073	4.01642741006839	3.74702317745163	3.39934831130186	3.26403586144984	3.44276502408373	3.59672021989821	4.26535587311485	3.79585013685582	4.27498314814679	3.70322343366728	3.29072225639732
AT1G78170	3.45710340371595	4.26620464066543	3.58841738120192	3.67098575021392	3.61806693317269	4.12189290533051	4.14149241682995	3.18644493369579	3.90753281724608	3.69482623804645	4.17663118562643	3.9692793583954	3.7195964240383	0	4.05095637007115	4.12062262209999	3.78087224939189	4.06304197988029	3.79843448009468	4.22947321826119	3.52617638641516	4.16098655416415	3.21603123691991	3.60250816904857	3.24289160471617	4.02233267562908	3.81896251314371	3.68399028830714	2.25568247854588	3.83445631055416	4.07238777617393	3.37926380897086	3.35844313114068	3.95451265308098	3.90568041282165	3.6031757793149	3.83609804648387	3.30548249798215	3.83671202189022	4.34449543093637	4.1351810096816	3.61848008329182	4.07975630534344	4.08478211690111	4.23173813789195	3.91618170536282	4.29860486839683	2.37351885496912	3.67252178111157
AT3G48240	3.21563756343506	3.31276744348631	2.37117873181629	4.03603252867917	2.1634893581927	2.14587979647062	3.07156537220098	3.20556702707487	3.24991954345679	2.62589866144102	2.95726718801592	3.89473298462178	2.54358384639574	4.05095637007115	0	2.69214160936678	1.18155777386279	4.31141603925915	2.44018465407089	2.49166979350867	3.26137945823523	3.33182597600333	3.90983566335147	4.04633007764658	3.07325999201133	3.25259334715848	2.55509444857832	3.10645948501555	3.6361407232363	4.22679522935868	1.52465571235778	3.32191518214476	3.76558436945356	2.11517766552625	3.95190406371012	4.13016419969779	1.5641924606262	4.00378397825728	3.78725142442131	4.05611516551235	2.57757221729545	2.48650132046325	2.96704225296022	2.12817301474973	4.20289844172413	2.67921887617254	4.02812208687766	3.99672088864977	3.3866523237906
AT5G54130	3.25572104436255	3.29608794089866	1.86829168801786	3.11946374646168	1.70320537069549	2.20436420462101	1.36153897126928	2.86479577099445	3.21012313702164	2.5501304728469	1.90891374002097	3.26016921253689	3.05065038086391	4.12062262209999	2.69214160936678	0	1.77033644109515	4.33379235613212	1.9698350930758	3.73626579582986	3.26688053612358	3.89045734822258	3.77770297196642	3.49892640148478	3.28600037832398	2.54253912134428	1.14829409743475	3.49514593596282	3.79414563467875	3.94590561403391	2.46887879425401	3.44089649363692	3.34108615788483	2.35558560006113	3.45506880678102	3.35026934477169	1.62159167585922	2.98796552116449	3.56707461842086	3.39566006865931	2.88456881491833	2.21934871731358	2.99949592598151	2.20774205260695	4.1770332348387	3.31980328663404	4.27169712733689	4.20035575517181	2.86415495600203
AT1G01520	2.49376466756715	3.49226157170859	0.903089986991944	3.64060167120034	1.45969397647797	2.31557153461445	2.26420371203923	2.40112471067897	2.52907086030361	1.5736836930938	1.96132615593471	3.7634931328499	3.138429020006	3.78087224939189	1.18155777386279	1.77033644109515	0	4.30966231254347	1.464191370641	3.19410344095732	3.55726532516956	3.42695671331797	3.40462848964192	3.30990683556868	2.81052150329272	3.09395372012069	1.99078269180314	2.95238555532467	3.57443294907239	4.21329856227276	2.47077788333512	3.29860858055531	2.82868566992377	1.4963760540124	3.92959414096123	4.1992457340948	1.03059972196595	3.15359232665682	3.06529208145063	4.16839434843618	1.78703518202622	1.04414762087872	2.99848601934606	2.14869517928507	4.26866711477965	2.45816931363284	4.1771219188052	3.95949978438534	3.24500404814754
AT2G25780	4.21632559824738	4.34232613827349	4.2492800704679	3.99757247073105	4.29015040778552	4.13877873977276	4.1978115891875	4.21373843407942	4.19522195648105	3.90799468643352	4.08800560349253	4.28054354347079	4.34149387739903	4.06304197988029	4.31141603925915	4.33379235613212	4.30966231254347	0	4.19069943189392	4.15183974960344	4.34983291368059	3.49986296375148	3.67394015839933	4.0551687796163	4.16157461734942	4.29447063522025	4.31654566666075	3.93502484041581	4.16879525910841	4.32463221992291	4.31890813423574	4.25444849455954	3.83799350662307	4.21897981266256	4.34557171586461	4.29575441090418	4.30577234499668	4.10729071377165	3.34988530857435	4.155138282163	3.91866191216985	4.16309574859989	4.04991814565022	4.26946460875525	4.24666473312145	4.20212470890492	3.25993057738854	4.10162164643251	4.16319657049375
AT3G09450	2.39703573537909	3.5423946520964	1.29092455938275	3.33975544040261	1.05384642685225	1.90676588954073	1.80078579032776	2.00667992774083	3.88844852707491	1.28352736486169	2.03981055414835	3.19707094322637	3.284901997785	3.79843448009468	2.44018465407089	1.9698350930758	1.464191370641	4.19069943189392	0	3.56898860968039	3.5379575437073	3.48587326107925	3.20469775269205	3.79285025841883	3.02154072856729	3.77707503917951	1.25382243870807	2.36199210875781	3.57019723467275	4.11275778197582	2.92152521046921	3.64189035772886	2.93588496796352	1.4119562379304	3.86198937521125	4.10120489831947	1.51560894923448	3.20647236214719	2.8709303583487	4.16035446506747	2.02399280460647	1.14643813528577	2.18999533996432	2.05065038086391	4.29524681339897	2.53544603323102	4.25513495673773	3.85988190770655	3.34754076778586
AT3G17790	4.19885357449592	3.11329811295281	3.48770668875299	4.28661138688725	2.74493416988533	0.800717078282385	3.24185515823422	3.73721093677562	3.21645885323154	3.84535853856165	3.43234063152435	4.33250511395346	3.61126328570153	4.22947321826119	2.49166979350867	3.73626579582986	3.19410344095732	4.15183974960344	3.56898860968039	0	4.11412805521588	0.617000341120899	4.03608888501089	4.18724962520522	3.35069759055926	3.45772752073819	3.95267235394348	3.85920797104132	4.11178590619924	4.23853785766985	2.14345199902163	3.71874326544108	3.87070991067394	3.71230111619631	4.14296480664498	4.33144855517087	3.19270401998549	4.21002380603519	3.48877344680548	3.86357444006816	3.51027550317229	3.82669015722834	1.93811926919431	3.20720066416201	4.27903100365573	3.17821410528084	0.829303772831025	4.16347296491336	3.96508687777278
AT2G44940	3.72606181343941	3.7079685224092	3.28638460535565	3.29419939480494	3.61231117192276	3.75942910594101	3.89070933485671	2.20838760379515	4.26630015266722	3.36656116229412	3.73088074763707	1.72106830179716	1.93459943821807	3.52617638641516	3.26137945823523	3.26688053612358	3.55726532516956	4.34983291368059	3.5379575437073	4.11412805521588	0	4.20283909837749	3.51153846105792	4.03446280765975	2.75038495436678	3.2972372923668	3.51983717815405	2.73415951324447	3.47471294109316	3.46144750093699	3.02455134053793	2.70767235101475	3.86312053885863	2.53700008732134	1.80229471139746	3.18947627680537	2.6104791693461	3.37334608044943	4.26048949337859	3.64407406247185	3.86050510291859	3.51798456773503	4.11362954471536	2.81837107418697	3.82000759341978	3.46521475290515	4.35241041465447	2.76554189810676	2.93580441906614
AT5G20150	3.95357656346417	3.77560316723315	3.5740660098966	4.22422970155845	3.73459103012238	0.746634198937579	3.68245014910487	3.68326863406578	3.27961904128003	3.58116656314089	3.89082996849031	4.27140430504735	4.18813084242824	4.16098655416415	3.33182597600333	3.89045734822258	3.42695671331797	3.49986296375148	3.48587326107925	0.617000341120899	4.20283909837749	0	3.8272529285922	4.06233637860524	3.08709252917104	3.81567269835826	4.05329592059481	3.54237347584088	4.07140623113821	4.20453833240294	2.95168229139555	3.72940941655536	3.77354217704597	3.85669929211476	4.29270497953237	4.32746907793612	3.78491242700006	4.19436557401386	2.75619474429361	4.25089112698018	3.22117159117004	3.80118959740651	0.762678563727436	3.29061106078368	4.19828145223431	3.37812342734267	0.0569048513364726	3.98162745742414	3.77791594380466
AT4G12320	3.57659586203521	4.22099278080337	3.11001026460702	2.39429404535284	3.29534494825468	3.78335751080885	4.02829953033426	2.14640713528705	3.57803490267556	2.46938013584993	3.84254558834124	3.78518172245861	3.87539293769242	3.21603123691991	3.90983566335147	3.77770297196642	3.40462848964192	3.67394015839933	3.20469775269205	4.03608888501089	3.51153846105792	3.8272529285922	0	2.88377496135526	3.01249977753831	3.93022953302638	3.59682462831045	1.71717102683231	2.79849871937395	4.20074026957206	3.97108464284297	3.14569041868447	2.71922352880201	3.31922685344447	4.0352119359308	3.90431730453937	3.22056307396167	2.67866402991157	3.12241249541128	4.24105213958083	3.48941421631349	3.07827914874772	3.4420515349232	3.2665538867047	4.27966352259736	2.9319559556741	4.18966742032169	3.12627106066763	2.94304415949823
AT5G05250	3.91761840094107	3.81636924882927	3.53256202418127	3.04331118154694	3.81836975458215	3.57547073720831	4.1588414597771	3.35218830866585	0.750508394851346	2.70734871461218	3.72736229734141	4.01729091645324	3.86741386067053	3.60250816904857	4.04633007764658	3.49892640148478	3.30990683556868	4.0551687796163	3.79285025841883	4.18724962520522	4.03446280765975	4.06233637860524	2.88377496135526	0	2.75352943898026	3.89595486582927	3.77738766886814	3.36632020874339	3.47193826962559	4.19311290565332	4.03343581905501	3.21194241193617	0.558708570533166	3.13469017745631	3.97857900817598	3.57812783952766	3.45130583693635	0.935003151453655	3.19653265225306	4.09512400104583	3.41297937471063	3.30362797638389	3.32559775286002	4.16410589214087	4.24027360846806	3.38408267988523	4.16466686208412	3.88044600076868	3.41966336825458
AT1G11700	4.05898371944853	3.61012015273861	2.69978571143735	2.80443249925045	2.75430245711014	2.33497619865434	3.64190521632516	1.86415495600203	3.04927618321513	2.32209519286655	3.54151684083103	4.04111780822489	3.02992326644706	3.24289160471617	3.07325999201133	3.28600037832398	2.81052150329272	4.16157461734942	3.02154072856729	3.35069759055926	2.75038495436678	3.08709252917104	3.01249977753831	2.75352943898026	0	3.03827036041502	3.3866451920499	2.48178648796754	2.91853357494305	3.97439469840292	3.52311276694291	2.49113748397803	2.91188171700819	2.9423702276468	3.66091383561409	3.47242877703487	2.41219165524157	3.10515579216574	2.05084358095692	4.15000874871531	2.9776138749269	2.9203946755541	2.45774568546849	3.5584985707796	4.25667133218235	3.00756429462262	4.19974064569247	3.1567187171857	1.53224464362658
AT2G21560	3.95209565755055	4.11244278101833	3.5547810144128	3.94613035514412	3.53406673989616	3.70227454156535	4.22905771955507	3.50277932925323	2.9269954554353	3.63833148455713	4.05002188632973	3.88565008810787	3.80920472743553	4.02233267562908	3.25259334715848	2.54253912134428	3.09395372012069	4.29447063522025	3.77707503917951	3.45772752073819	3.2972372923668	3.81567269835826	3.93022953302638	3.89595486582927	3.03827036041502	0	3.08901442465619	4.07554294688717	4.07257301603575	3.8352820792275	3.00965906927981	3.32687634401485	3.9700575602183	3.22283348084271	3.96356212439987	3.40306387037479	3.29688228323376	3.89848932636136	4.26472859465144	3.87293206298644	4.01588051260525	3.67332139763165	4.03445358079928	3.60606735560658	3.26939151158106	3.64400604925039	3.97636648830019	3.42835350668995	3.68990083671003
AT1G26790	2.15860369981148	3.62584829898387	1.67375793654958	2.96789415062521	1.87500335360004	2.74235586331777	2.01865889758552	2.53485073615341	3.75703979162336	2.27348740969718	1.71028664770289	3.55054997885838	3.01830929109138	3.81896251314371	2.55509444857832	1.14829409743475	1.99078269180314	4.31654566666075	1.25382243870807	3.95267235394348	3.51983717815405	4.05329592059481	3.59682462831045	3.77738766886814	3.3866451920499	3.08901442465619	0	3.02627988622255	3.74878477175076	4.04049355510398	3.31891855359402	3.74698040686485	3.21579349024496	2.0054808099794	3.60329705281626	3.78836849658547	1.37948681371727	3.16087952072286	3.41588774381521	4.04624848682344	2.43819414079334	1.56995881809659	2.69809184223995	2.23782011079407	4.19586839314642	3.07457875658154	4.26318544665897	4.07148028319253	3.33513883282969
AT3G44450	3.29335371402132	3.69264073462352	1.90622726305236	2.19226071864204	2.67905522475807	3.09386975791996	3.36229393796423	1.69381485388942	4.0584719570212	1.31680875205302	2.43229569244401	2.92319219042067	3.30206888737132	3.68399028830714	3.10645948501555	3.49514593596282	2.95238555532467	3.93502484041581	2.36199210875781	3.85920797104132	2.73415951324447	3.54237347584088	1.71717102683231	3.36632020874339	2.48178648796754	4.07554294688717	3.02627988622255	0	3.04661220906845	4.18410317385706	3.51131372772442	3.24344981276046	2.63041770407497	2.12126430522958	3.83944159276183	4.08976738647539	1.8055008581584	2.85929444704148	2.84199730209323	3.87349440110433	2.38013885326542	2.58840617721658	2.71231290868137	2.33459447193228	4.32249012730268	2.2290415731734	4.27549770407118	3.47904093032555	2.8104072762741
AT3G48290	3.71713187692689	4.29157795419493	3.4183858213317	3.38422434335965	3.67044810553833	3.71693190747465	4.16401302128503	3.06424453345574	4.03119550675316	3.08769980251797	4.11958148805508	3.43300614825164	3.37043166331552	2.25568247854588	3.6361407232363	3.79414563467875	3.57443294907239	4.16879525910841	3.57019723467275	4.11178590619924	3.47471294109316	4.07140623113821	2.79849871937395	3.47193826962559	2.91853357494305	4.07257301603575	3.74878477175076	3.04661220906845	0	3.98880635399491	4.1386799756319	3.6467065483773	3.34813539671547	3.5119635310216	3.97509113290301	3.59517975498595	3.45413569558856	3.57733666696117	3.78696780584034	4.2829889673123	3.8397513594733	3.33575869337039	3.67254301256623	3.56503038741967	4.21990266526711	3.57784322933458	4.27143824536416	3.29323655788421	3.12660864150691
AT1G46264	4.22683361388255	3.91246385455606	4.08121008364146	3.82196461969283	4.14863257321072	4.27075357959388	4.21107780415096	4.00953417716576	4.2342051170967	4.23719073044752	4.19784381044408	3.92308281260049	3.34973975159225	3.83445631055416	4.22679522935868	3.94590561403391	4.21329856227276	4.32463221992291	4.11275778197582	4.23853785766985	3.46144750093699	4.20453833240294	4.20074026957206	4.19311290565332	3.97439469840292	3.8352820792275	4.04049355510398	4.18410317385706	3.98880635399491	0	4.11863535549236	3.82255118830172	4.1275336953879	4.13443563034053	2.55787998173054	3.70580728453203	4.19926330158692	3.83822237352523	4.17193433882451	3.98380168322133	4.29014328274327	4.04562492365406	4.23635383158382	4.28482919948554	3.5607731525502	4.24621018640129	4.29640190169214	4.04112886985173	3.9188703138741
AT1G04570	3.58525312097298	3.14188541716079	2.54306179801462	4.23637374049992	2.55976303287679	2.93943438218627	2.92814995559152	3.40651633616079	2.93473573339504	3.4049362937527	3.14520573230929	4.20864206375266	3.27259342286287	4.07238777617393	1.52465571235778	2.46887879425401	2.47077788333512	4.31890813423574	2.92152521046921	2.14345199902163	3.02455134053793	2.95168229139555	3.97108464284297	4.03343581905501	3.52311276694291	3.00965906927981	3.31891855359402	3.51131372772442	4.1386799756319	4.11863535549236	0	2.27088836469883	3.83967409556108	2.50354555744551	3.65447014508757	4.18597085503243	2.0873199122064	3.95797439081221	4.14635908091559	3.98357397020414	3.2139186634366	3.41074687386687	3.73260844124715	2.14888016912823	4.22238841593409	2.13719581194055	4.05611821872888	4.00854311364079	3.78400214150623
AT2G40130	3.44666296377791	3.99013364879889	3.00736792422032	3.34045997918897	3.49566780947823	3.75248252529876	3.87063854819759	2.65833580321008	3.64604182680199	3.17111772250802	4.11152462471391	4.18291143848536	3.46762586172417	3.37926380897086	3.32191518214476	3.44089649363692	3.29860858055531	4.25444849455954	3.64189035772886	3.71874326544108	2.70767235101475	3.72940941655536	3.14569041868447	3.21194241193617	2.49113748397803	3.32687634401485	3.74698040686485	3.24344981276046	3.6467065483773	3.82255118830172	2.27088836469883	0	3.30930219386043	3.46986912333314	2.83706419110425	3.985813887727	3.20529099759733	2.4189307277285	3.05527892161351	4.17348638168464	3.86427132230646	3.37195402714013	3.72267915918631	3.68790780035877	4.29844892908188	3.32564905091726	4.29078651448077	3.09326054602839	1.2397998184471
AT2G30766	3.42486694220828	3.7558078015236	2.59487851139464	3.18271701243364	2.64648214703981	3.22059182142632	3.22851071502784	2.74928787986045	1.50351831272407	2.21465843887992	2.98279117027908	4.20892348884033	3.60565191210931	3.35844313114068	3.76558436945356	3.34108615788483	2.82868566992377	3.83799350662307	2.93588496796352	3.87070991067394	3.86312053885863	3.77354217704597	2.71922352880201	0.558708570533166	2.91188171700819	3.9700575602183	3.21579349024496	2.63041770407497	3.34813539671547	4.1275336953879	3.83967409556108	3.30930219386043	0	2.87243017079825	3.93629855255679	4.06188354363508	2.97459918758338	0.929418925714293	2.67091348499946	4.22674936957372	2.84768985348671	2.13078391458896	3.02970430670139	3.56156764190522	4.34095544829792	2.93776355496698	4.23031759130932	3.71767882274023	3.27113733940642
AT4G15248	2.57331263995485	3.79875282036208	1.63276088847944	3.27660424778365	1.69390274106606	2.27332542427512	2.76003023493268	2.12326347590283	3.57832512098808	1.00560944536028	1.63818964019084	2.90943299736904	2.92311443650731	3.95451265308098	2.11517766552625	2.35558560006113	1.4963760540124	4.21897981266256	1.4119562379304	3.71230111619631	2.53700008732134	3.85669929211476	3.31922685344447	3.13469017745631	2.9423702276468	3.22283348084271	2.0054808099794	2.12126430522958	3.5119635310216	4.13443563034053	2.50354555744551	3.46986912333314	2.87243017079825	0	3.9551795738546	3.96340434600246	0.278753600952829	3.26216621305121	3.69159862255328	3.95554488577566	0.81888541459401	1.44232295574557	3.14974549109609	1.11727129565576	4.25224386381008	2.72373471304077	4.32095489985289	3.91374552507226	3.19872030243622
AT1G62870	4.05218087144385	3.04938472873064	3.73129698889755	3.73034291558414	3.737588576916	4.10270839752772	3.45377991486423	3.58484777272776	4.24137387400933	3.97227320875566	4.00424310772509	3.78116203192785	2.42908983921257	3.90568041282165	3.95190406371012	3.45506880678102	3.92959414096123	4.34557171586461	3.86198937521125	4.14296480664498	1.80229471139746	4.29270497953237	4.0352119359308	3.97857900817598	3.66091383561409	3.96356212439987	3.60329705281626	3.83944159276183	3.97509113290301	2.55787998173054	3.65447014508757	2.83706419110425	3.93629855255679	3.9551795738546	0	3.27259110444323	3.72354843202706	3.54176889437436	4.07147880964294	3.51229207355809	4.11071728660476	3.90937307357563	3.92624724131053	3.93639359115954	4.04913115508675	4.12744594202214	4.33851525883602	4.07093140859172	3.28511603973231
AT4G14380	4.29273486074099	4.14532819775478	4.11785438365998	3.5542940773904	4.15829462828045	4.26439158046244	4.2511364848374	3.58655354990288	3.9823761748594	3.93050075869637	4.1127406973588	2.75479921732592	3.60096201097687	3.6031757793149	4.13016419969779	3.35026934477169	4.1992457340948	4.29575441090418	4.10120489831947	4.33144855517087	3.18947627680537	4.32746907793612	3.90431730453937	3.57812783952766	3.47242877703487	3.40306387037479	3.78836849658547	4.08976738647539	3.59517975498595	3.70580728453203	4.18597085503243	3.985813887727	4.06188354363508	3.96340434600246	3.27259110444323	0	3.93299906494884	3.61866195390784	4.19965646274415	3.62027559001507	4.16991972059122	3.97241113864883	3.94618541618892	4.19753030902993	3.44196207008853	4.21971966559213	4.25667325616878	3.22166717657151	3.67335733196178
AT3G21890	2.90152915411712	3.35120280365217	0.783188691075258	3.12306070113709	1.27160930137883	1.62510657540347	2.25244037654914	1.75227898546012	3.35271492619892	1.38435341413751	1.60884682232641	3.14549785168559	2.35663764737269	3.83609804648387	1.5641924606262	1.62159167585922	1.03059972196595	4.30577234499668	1.51560894923448	3.19270401998549	2.6104791693461	3.78491242700006	3.22056307396167	3.45130583693635	2.41219165524157	3.29688228323376	1.37948681371727	1.8055008581584	3.45413569558856	4.19926330158692	2.0873199122064	3.20529099759733	2.97459918758338	0.278753600952829	3.72354843202706	3.93299906494884	0	3.05526744979202	3.66536895102793	3.99838751486614	1.66707920546422	1.29247759366778	2.36953125594131	1.13735411137073	4.27362412465198	2.29503902878759	4.29532030660912	3.68380054286717	2.97447484752802
AT1G56430	3.57027317325128	3.84334554294227	2.82505593335492	2.21058602490516	3.12814068312999	3.87176143914336	3.35265708736097	2.56228096581452	2.62925665158154	2.93552741823333	3.53353438930279	3.84718013622794	3.4467763049073	3.30548249798215	4.00378397825728	2.98796552116449	3.15359232665682	4.10729071377165	3.20647236214719	4.21002380603519	3.37334608044943	4.19436557401386	2.67866402991157	0.935003151453655	3.10515579216574	3.89848932636136	3.16087952072286	2.85929444704148	3.57733666696117	3.83822237352523	3.95797439081221	2.4189307277285	0.929418925714293	3.26216621305121	3.54176889437436	3.61866195390784	3.05526744979202	0	3.23739542940567	4.04839363226022	3.6511587605256	2.71038818559415	3.6031757793149	4.040753802576	4.25303398974557	3.67394659918686	4.30651809600008	3.27792536642363	1.87581338883976
AT2G36970	3.7864483037353	3.84292361490634	2.93796900295145	3.40033590479056	2.98425269842116	2.7010755631445	2.4428715548212	3.05860441299552	3.64118547649695	2.57600714897198	3.14301480025409	4.30585825208575	4.01642741006839	3.83671202189022	3.78725142442131	3.56707461842086	3.06529208145063	3.34988530857435	2.8709303583487	3.48877344680548	4.26048949337859	2.75619474429361	3.12241249541128	3.19653265225306	2.05084358095692	4.26472859465144	3.41588774381521	2.84199730209323	3.78696780584034	4.17193433882451	4.14635908091559	3.05527892161351	2.67091348499946	3.69159862255328	4.07147880964294	4.19965646274415	3.66536895102793	3.23739542940567	0	3.96174941996266	2.67819959735817	3.2379783177754	1.39950066131461	3.83098877938136	4.34926936615269	3.08073829253664	3.51102996959284	4.11571865583822	2.71874243551109
AT4G14390	4.33994111292705	3.84420744421071	4.1225382836814	4.04231162693387	4.08218843345935	3.98112698962777	3.73200030386712	4.17448603902712	4.25009245005614	4.08234654715695	3.84906114203802	3.45857439963188	3.74702317745163	4.34449543093637	4.05611516551235	3.39566006865931	4.16839434843618	4.155138282163	4.16035446506747	3.86357444006816	3.64407406247185	4.25089112698018	4.24105213958083	4.09512400104583	4.15000874871531	3.87293206298644	4.04624848682344	3.87349440110433	4.2829889673123	3.98380168322133	3.98357397020414	4.17348638168464	4.22674936957372	3.95554488577566	3.51229207355809	3.62027559001507	3.99838751486614	4.04839363226022	3.96174941996266	0	3.86807931173805	4.23935930001032	4.07457070961382	4.01793565031119	3.8675564590255	4.08264034199576	4.18546509120138	4.31923539106889	3.96485949463729
AT3G21150	3.36004783644955	3.62080416684057	2.28593967981179	3.70844979547947	1.84522210642901	2.10598679552147	1.7906369619317	2.86970683614081	3.216424553876	1.27829620809127	1.17084820364331	4.03925147617936	3.39934831130186	4.1351810096816	2.57757221729545	2.88456881491833	1.78703518202622	3.91866191216985	2.02399280460647	3.51027550317229	3.86050510291859	3.22117159117004	3.48941421631349	3.41297937471063	2.9776138749269	4.01588051260525	2.43819414079334	2.38013885326542	3.8397513594733	4.29014328274327	3.2139186634366	3.86427132230646	2.84768985348671	0.81888541459401	4.11071728660476	4.16991972059122	1.66707920546422	3.6511587605256	2.67819959735817	3.86807931173805	0	2.18230049959334	2.49986571132909	1.95904139232109	4.33863674816725	2.76576538492869	4.02978865982366	4.28285856568033	3.49442594328182
AT4G27360	2.58194965837332	3.89785297561558	1.33665982345442	2.89363972091979	1.60075514963962	2.81539841541643	2.46357946745697	2.04091865074852	3.46036403891341	1.02938377768521	2.06005536482484	3.76323326618062	3.26403586144984	3.61848008329182	2.48650132046325	2.21934871731358	1.04414762087872	4.16309574859989	1.14643813528577	3.82669015722834	3.51798456773503	3.80118959740651	3.07827914874772	3.30362797638389	2.9203946755541	3.67332139763165	1.56995881809659	2.58840617721658	3.33575869337039	4.04562492365406	3.41074687386687	3.37195402714013	2.13078391458896	1.44232295574557	3.90937307357563	3.97241113864883	1.29247759366778	2.71038818559415	3.2379783177754	4.23935930001032	2.18230049959334	0	2.77099184667256	2.42751856636436	4.25077997592208	2.99790600343332	4.24460562505976	3.50390094446043	3.00821680158969
AT5G20790	3.58473479495047	3.19320254165138	3.06187827095478	3.56233569686847	2.43892189391134	0.385606273598312	2.68475562210862	2.76743046123356	3.48866209593152	2.56829561542654	2.69536783438797	3.97932661850397	3.44276502408373	4.07975630534344	2.96704225296022	2.99949592598151	2.99848601934606	4.04991814565022	2.18999533996432	1.93811926919431	4.11362954471536	0.762678563727436	3.4420515349232	3.32559775286002	2.45774568546849	4.03445358079928	2.69809184223995	2.71231290868137	3.67254301256623	4.23635383158382	3.73260844124715	3.72267915918631	3.02970430670139	3.14974549109609	3.92624724131053	3.94618541618892	2.36953125594131	3.6031757793149	1.39950066131461	4.07457070961382	2.49986571132909	2.77099184667256	0	2.52582195215666	4.31390453435996	3.24653550902863	1.32076922833869	3.91838423696628	2.90033981367914
AT5G54470	1.55654370848351	3.8032610926174	1.83588073181739	4.0775303264846	1.74616696437729	2.31380396899415	3.00543363412502	2.60740140330202	3.72879677990769	2.14238946611884	2.00393420617371	2.82044449125814	3.59672021989821	4.08478211690111	2.12817301474973	2.20774205260695	2.14869517928507	4.26946460875525	2.05065038086391	3.20720066416201	2.81837107418697	3.29061106078368	3.2665538867047	4.16410589214087	3.5584985707796	3.60606735560658	2.23782011079407	2.33459447193228	3.56503038741967	4.28482919948554	2.14888016912823	3.68790780035877	3.56156764190522	1.11727129565576	3.93639359115954	4.19753030902993	1.13735411137073	4.040753802576	3.83098877938136	4.01793565031119	1.95904139232109	2.42751856636436	2.52582195215666	0	4.25775151102195	2.4365283821221	4.20650448712586	3.36583977066331	3.61815796455012
AT3G11550	4.28681561343659	4.2584322971578	4.29759332477498	4.18378812463402	4.33094049249075	4.30691994838088	4.33102642682318	4.23162554143114	4.07873188077156	4.28771799704632	4.30753903735631	3.4721198951624	4.26535587311485	4.23173813789195	4.20289844172413	4.1770332348387	4.26866711477965	4.24666473312145	4.29524681339897	4.27903100365573	3.82000759341978	4.19828145223431	4.27966352259736	4.24027360846806	4.25667133218235	3.26939151158106	4.19586839314642	4.32249012730268	4.21990266526711	3.5607731525502	4.22238841593409	4.29844892908188	4.34095544829792	4.25224386381008	4.04913115508675	3.44196207008853	4.27362412465198	4.25303398974557	4.34926936615269	3.8675564590255	4.33863674816725	4.25077997592208	4.31390453435996	4.25775151102195	0	4.32015896150665	3.93642928811853	3.82590494089843	4.20152083965385
AT5G43860	3.21869564475365	3.61508375393574	1.77561044800636	3.58281533703583	2.79572016756057	2.6662839226231	3.08430453548236	2.99929587244188	3.54489613640474	2.5370379216961	2.5819041682212	4.07017238465915	3.79585013685582	3.91618170536282	2.67921887617254	3.31980328663404	2.45816931363284	4.20212470890492	2.53544603323102	3.17821410528084	3.46521475290515	3.37812342734267	2.9319559556741	3.38408267988523	3.00756429462262	3.64400604925039	3.07457875658154	2.2290415731734	3.57784322933458	4.24621018640129	2.13719581194055	3.32564905091726	2.93776355496698	2.72373471304077	4.12744594202214	4.21971966559213	2.29503902878759	3.67394659918686	3.08073829253664	4.08264034199576	2.76576538492869	2.99790600343332	3.24653550902863	2.4365283821221	4.32015896150665	0	4.23699650416821	3.90501452683482	3.45768210558822
AT3G02040	4.18367916906396	4.12856306766267	4.30723088759774	4.30317358588086	4.24290227941976	2.21940113035756	4.08074983212262	4.26696533079841	3.57949435162346	4.26462706919891	4.2579760007115	4.32490792388668	4.27498314814679	4.29860486839683	4.02812208687766	4.27169712733689	4.1771219188052	3.25993057738854	4.25513495673773	0.829303772831025	4.35241041465447	0.0569048513364726	4.18966742032169	4.16466686208412	4.19974064569247	3.97636648830019	4.26318544665897	4.27549770407118	4.27143824536416	4.29640190169214	4.05611821872888	4.29078651448077	4.23031759130932	4.32095489985289	4.33851525883602	4.25667325616878	4.29532030660912	4.30651809600008	3.51102996959284	4.18546509120138	4.02978865982366	4.24460562505976	1.32076922833869	4.20650448712586	3.93642928811853	4.23699650416821	0	4.14463117583736	4.28921647674869
